33,53,18,92,50,72,38,96,33,90,77,17,47,54,88,92,89,95,13,59,29,97,3,78,62,93,3,26,28,4,50,19,68,15,10,19,94,53,51,29,94,2,94,91,36,73,88,45,79,24,50,48,9,47,86,16,61,79,66,85,92,62,20,12,1,57,77,30,64,30,68,93,53,87,8,20,42,79,10,6,73,36,61,91,11,59,43,79,66,77,72,96,45,62,10,39,13,96,16,66,21,73,93,73,20,22,78,7,60,26,49,44,15,71,41,37,45,72,29,84,48,66,12,47,60,88,15,48,19,44,79,95,37,52,39,16,50,63,61,27,21,77,45,34,5,16,46,14,8,34,46,42,63,92,31,34,12,21,47,32,15,60,48,33,52,62,16,2,43,18,53,9,78,88,30,68,4,73,5,14,19,65,49,78,24,73,4,37,91,11,2,90,17,69,10,24,54,59,57,88
4,34,0,86,11,75,28,31,35,19,66,9,96,45,46,23,53,41,35,43,59,32,92,46,18,46,75,64,2,44,47,37,0,24,5,76,27,62,75,58,23,73,88,3,29,70,33,82,12,69,30,14,17,51,13,77,69,49,95,20,21,99,8,2,95,72,38,56,56,25,35,2,62,5,16,75,99,61,58,2,41,21,58,0,9,68,9,51,50,80,39,70,83,78,86,2,30,49,67,58,64,1,32,38,54,44,29,11,38,53,97,39,82,93,82,47,30,39,89,31,10,83,55,25,19,44,75,74,71,24,17,10,32,49,35,79,58,53,96,73,85,38,2,78,21,16,91,45,98,4,23,29,44,47,82,56,7,73,73,89,64,96,60,39,44,32,54,24,43,73,0,63,37,72,85,22,93,15,68,83,51,48,8,86,32,72,76,84,57,45,2,35,49,90,39,83,83,93,98,17
76,0,6,3,86,63,62,11,75,73,59,81,70,21,56,89,82,30,15,98,50,44,16,69,28,38,71,53,63,49,27,47,69,73,14,42,64,51,17,22,34,3,72,32,82,1,39,26,27,24,8,52,98,14,86,30,11,12,71,60,78,93,29,49,90,9,51,16,67,29,58,43,18,21,92,29,77,3,34,30,66,67,61,35,84,8,91,75,45,75,68,98,68,54,45,95,84,36,93,65,34,39,69,32,43,71,50,47,17,27,47,92,67,58,42,67,42,1,25,27,27,16,49,77,55,10,49,2,22,25,29,25,15,95,7,12,78,72,79,5,43,69,55,37,23,43,18,76,58,45,35,90,60,30,19,82,70,23,2,10,12,73,7,32,80,52,6,16,81,57,67,91,99,54,19,44,65,63,38,89,17,88,76,37,76,42,13,57,12,64,45,30,18,32,66,86,33,42,71,54
23,17,5,8,37,92,13,9,5,41,13,20,62,86,66,51,23,24,64,82,18,25,8,38,57,93,58,26,12,50,66,18,73,57,14,46,72,17,91,81,71,43,40,4,51,63,84,1,46,99,31,77,84,98,33,54,96,69,56,82,19,6,64,46,9,57,77,15,61,64,91,87,64,2,87,88,86,48,26,66,91,8,19,94,53,64,94,27,83,16,96,60,31,60,31,49,54,80,66,96,4,5,3,96,31,97,61,26,28,28,64,90,25,31,63,77,82,41,85,21,39,21,45,38,68,98,53,20,28,55,95,38,61,32,61,11,84,49,38,12,93,90,54,94,37,55,20,18,0,27,56,90,95,29,84,26,70,34,40,29,32,42,33,23,63,77,3,13,88,82,31,83,80,36,48,13,85,82,58,0,28,33,17,65,27,63,88,21,24,79,41,88,88,64,46,60,80,37,55,61
81,79,20,99,75,26,2,36,68,73,52,97,41,35,42,19,39,69,30,71,76,98,25,0,19,6,94,97,78,82,23,11,17,29,60,48,88,46,96,34,90,99,38,83,54,25,85,98,60,69,93,88,80,53,62,33,38,44,53,54,85,86,85,44,48,56,15,38,36,5,50,31,7,70,21,63,46,84,9,38,13,11,86,88,69,9,2,31,63,5,5,62,15,64,11,47,68,28,58,41,78,72,80,64,4,70,33,77,46,38,53,42,50,76,80,47,30,3,24,4,61,62,41,95,66,52,96,64,51,24,9,93,72,58,34,36,56,33,1,53,10,13,91,86,48,20,48,5,12,62,87,73,0,3,31,51,44,91,76,48,57,60,75,41,60,15,52,60,36,1,26,39,45,64,62,90,78,83,82,49,52,70,25,88,36,43,67,16,75,83,54,87,28,34,33,91,95,83,94,47
38,86,43,95,61,71,86,39,28,24,85,97,0,63,61,80,18,39,66,88,19,38,4,63,90,68,34,9,45,38,60,30,56,77,69,53,60,10,23,77,10,84,77,11,44,69,82,78,57,83,4,81,42,14,29,71,18,30,19,25,70,36,23,87,30,30,31,29,75,61,44,79,61,74,59,4,34,45,94,77,34,18,92,85,70,5,21,28,88,62,15,29,1,74,45,53,30,65,58,39,81,89,11,1,80,31,79,33,72,30,68,61,59,37,50,65,60,18,4,68,45,54,63,30,71,39,79,17,90,29,77,22,56,24,71,36,15,3,80,76,91,79,64,31,74,24,75,9,20,13,34,38,24,6,54,56,60,22,25,74,1,51,17,35,70,16,88,71,79,10,82,6,83,42,17,79,15,2,91,65,66,79,83,35,9,40,57,7,92,77,32,49,15,79,5,79,76,76,10,26
18,19,7,55,48,18,89,79,88,44,49,72,93,46,27,94,72,13,95,23,90,36,22,40,5,16,46,4,66,40,65,66,15,62,80,95,77,28,83,73,95,77,22,0,43,68,82,92,42,64,81,24,84,13,89,22,90,59,12,15,36,96,53,30,75,17,23,93,91,82,67,21,47,55,37,64,14,28,20,0,34,47,31,82,80,41,71,68,70,55,38,80,81,57,50,95,24,2,88,71,50,54,69,34,32,76,47,91,82,6,1,18,88,59,4,64,83,33,6,49,66,90,28,51,22,49,8,48,76,70,14,76,82,14,93,36,79,16,59,51,21,82,85,35,53,92,12,68,80,0,68,70,16,17,99,92,83,14,39,38,6,52,82,23,86,84,19,16,59,8,78,42,13,44,0,42,80,77,52,0,73,38,59,66,94,99,55,11,96,59,32,56,51,49,8,49,0,55,67,37
52,36,79,61,71,41,94,68,61,79,72,70,72,3,5,73,80,10,35,48,36,16,41,74,17,29,2,23,30,20,65,0,42,24,91,40,95,19,44,52,84,45,39,72,46,35,64,0,76,11,4,82,25,81,19,29,59,99,43,75,65,21,45,64,26,39,89,47,9,28,52,59,78,37,62,79,79,55,2,34,68,53,5,27,33,31,86,0,17,72,9,94,48,11,95,61,3,6,70,66,8,3,47,15,14,96,4,83,30,33,25,99,11,30,6,49,49,20,19,87,44,84,76,80,69,95,16,28,22,56,82,37,94,96,13,55,72,97,50,24,9,51,4,92,90,67,25,89,20,30,32,43,51,94,21,65,78,44,22,80,73,54,32,72,77,71,43,64,45,46,67,54,86,68,94,73,88,59,75,32,40,75,86,88,74,71,80,89,68,38,22,58,30,20,0,87,10,21,3,56
99,4,76,1,42,84,89,89,17,52,3,48,15,77,46,89,14,35,40,60,23,13,36,45,32,1,87,5,40,96,71,39,1,54,0,44,96,71,28,44,53,11,95,30,30,28,38,30,65,29,65,97,86,61,17,81,20,22,1,40,45,78,49,0,80,54,84,25,2,90,3,6,85,43,19,46,89,34,84,27,1,82,8,22,59,79,95,43,56,11,49,22,91,38,98,99,2,77,47,78,46,19,74,64,15,49,0,44,7,12,70,45,86,70,61,77,92,45,19,2,22,48,64,24,3,8,83,33,6,34,46,45,13,32,81,66,90,77,69,59,74,79,50,60,22,16,79,39,22,37,42,79,18,76,69,39,32,44,94,89,68,95,73,96,39,32,11,51,7,22,47,49,20,78,34,18,15,17,67,81,16,98,30,97,2,47,93,29,36,18,97,31,4,29,19,12,95,79,58,35
64,9,94,48,62,33,96,10,96,88,76,89,84,32,33,48,4,43,19,3,85,35,83,80,43,51,64,1,47,89,53,19,0,30,69,30,39,92,90,1,18,35,99,68,8,51,69,13,35,38,44,61,92,21,63,12,20,38,45,27,5,6,24,2,47,12,84,77,37,3,66,61,55,96,95,82,5,52,24,23,8,32,47,90,21,78,19,61,76,50,46,38,54,11,71,36,97,40,64,43,94,18,59,6,85,67,69,83,35,85,68,99,37,23,45,16,72,9,74,97,45,62,42,86,49,98,94,62,27,18,77,54,55,42,12,99,24,45,52,83,2,72,27,12,8,41,93,90,88,78,39,44,65,67,9,15,76,45,66,47,76,17,38,19,8,1,39,48,26,42,5,5,49,56,31,82,72,50,68,63,90,26,84,21,75,37,65,84,1,31,57,60,49,86,56,14,0,13,15,9
21,38,40,91,9,81,18,58,94,36,13,25,82,3,12,40,24,31,7,3,41,24,16,40,52,25,54,47,9,65,92,20,84,36,68,63,74,91,3,63,61,13,53,22,32,55,23,18,31,94,69,6,36,52,55,3,75,81,13,94,33,13,21,54,95,17,13,75,84,38,17,82,17,77,24,71,40,84,92,94,96,46,55,91,74,84,78,98,46,75,8,54,89,74,28,45,7,96,76,97,42,51,2,70,10,82,17,81,13,76,65,53,71,34,25,48,82,70,66,89,19,11,64,85,72,30,0,96,83,74,21,82,89,28,77,4,81,94,0,46,80,62,69,74,32,55,45,50,57,28,9,98,16,52,0,21,88,55,25,92,87,39,59,46,58,91,66,35,49,77,47,7,21,78,64,77,96,45,22,81,23,29,56,27,80,71,97,28,31,80,51,48,16,23,58,50,70,51,85,3
38,76,91,48,84,29,90,87,3,99,82,73,32,37,91,28,71,96,42,32,90,37,38,88,13,49,60,51,4,44,9,13,73,91,86,80,8,85,51,91,91,6,69,2,75,16,83,4,54,14,16,98,61,90,78,73,26,82,34,80,66,82,28,84,40,86,0,81,98,36,67,90,90,86,68,12,94,10,26,67,12,94,47,11,20,99,79,71,67,89,2,4,90,66,45,92,73,16,60,78,46,41,42,27,43,90,90,67,15,8,86,78,45,27,50,73,62,68,81,48,49,23,92,39,6,10,16,42,64,10,75,18,52,64,4,38,14,79,8,30,19,32,41,24,14,90,5,5,8,78,20,26,19,36,31,80,26,44,17,94,91,47,20,91,52,17,65,76,68,80,30,71,85,60,93,5,45,67,37,99,62,52,52,61,73,23,96,1,4,15,24,58,32,1,52,91,81,52,58,68
71,3,79,36,75,59,4,94,56,54,14,38,84,49,90,4,91,21,3,12,46,15,45,84,74,41,14,79,12,30,85,11,50,5,28,59,43,69,8,87,75,14,95,16,42,7,92,79,70,50,38,22,73,20,92,52,74,18,87,35,65,9,43,60,74,97,60,94,30,47,55,71,76,64,24,24,51,2,51,39,81,21,36,92,65,91,33,21,67,90,91,55,88,59,12,27,41,25,55,22,40,95,27,46,85,27,91,69,44,52,75,27,53,27,3,12,54,2,41,35,17,22,65,3,28,99,25,57,62,46,63,35,88,19,95,28,73,0,37,40,1,51,73,92,0,40,39,83,15,63,34,31,72,9,97,83,62,41,0,93,85,96,65,41,99,97,10,6,81,35,32,98,81,85,3,40,92,47,33,25,93,25,97,48,61,53,48,39,58,77,42,60,66,66,52,56,22,15,94,68
84,4,32,29,30,36,34,46,12,17,41,33,84,48,46,87,86,83,66,19,16,20,76,65,82,25,93,8,22,28,22,52,38,62,61,70,50,71,95,4,1,18,26,17,0,20,82,91,66,50,34,10,28,20,32,52,4,0,99,32,30,92,10,57,63,46,37,29,66,2,68,22,62,85,36,72,81,13,43,8,26,68,80,94,61,15,23,66,85,68,91,82,37,96,65,20,4,31,19,58,30,5,99,36,23,95,32,57,54,87,18,75,36,2,9,13,80,72,22,79,67,81,16,64,2,42,13,59,87,58,81,5,61,37,46,43,28,16,38,94,88,11,92,51,87,31,93,80,29,91,27,77,96,62,8,56,70,84,65,94,99,83,67,38,73,76,71,55,37,3,73,9,35,12,83,93,31,96,35,24,44,92,32,6,80,12,47,4,93,9,85,59,9,33,42,68,92,12,44,83
87,81,98,23,63,66,68,8,53,73,56,91,89,3,31,82,45,83,82,25,94,37,17,17,75,97,37,41,63,96,59,87,81,94,8,17,3,85,48,32,91,81,83,30,27,45,38,56,73,99,73,71,66,52,13,49,80,23,21,67,37,4,46,7,80,37,96,41,64,81,45,50,72,77,73,81,3,52,68,92,47,11,63,26,54,58,49,57,56,82,58,80,0,96,7,52,23,99,77,12,58,90,9,25,9,9,41,7,61,14,56,7,11,95,24,70,0,72,69,89,43,67,23,34,94,57,97,86,2,7,24,5,65,65,30,66,92,76,56,66,76,34,84,16,58,69,21,39,44,72,45,56,74,78,89,78,68,21,15,8,61,2,8,26,41,17,86,36,28,59,69,81,30,8,79,95,47,23,62,73,92,56,81,66,16,18,39,60,78,30,19,74,52,92,54,18,21,53,80,24
17,22,89,3,37,33,41,1,14,58,46,44,70,91,77,64,18,16,21,68,3,67,68,44,24,73,18,73,66,51,51,92,99,8,92,26,74,71,77,46,76,41,22,55,51,25,82,85,14,96,17,6,29,88,2,88,48,32,99,14,52,11,65,79,15,66,29,80,53,4,25,88,7,17,33,56,35,98,10,49,54,97,96,94,38,33,64,67,45,66,45,82,55,19,89,46,52,40,76,94,49,42,72,42,53,34,16,9,25,3,6,93,18,80,17,4,67,14,36,59,93,82,45,46,31,84,58,79,47,65,82,21,92,71,22,73,58,39,98,3,83,54,58,36,8,81,21,35,80,44,25,19,82,21,91,12,35,19,42,62,22,70,39,47,16,50,7,83,32,65,96,14,11,1,15,51,2,47,51,5,88,89,23,0,64,55,54,13,44,71,28,26,47,86,74,53,18,99,43,36
97,7,53,79,66,51,59,69,99,87,57,40,52,31,2,21,21,0,15,53,58,20,68,31,2,51,7,10,13,99,86,42,56,31,38,8,16,44,19,35,91,36,19,90,88,21,46,74,63,23,13,12,60,50,46,18,85,35,20,36,27,64,28,28,34,27,35,57,60,28,60,28,95,4,70,21,36,63,7,36,73,53,0,66,64,73,46,66,34,10,2,78,14,84,41,79,69,91,82,92,92,87,80,20,22,9,69,98,84,93,1,79,27,81,58,87,8,78,3,88,68,81,8,56,51,46,9,29,7,97,10,64,46,22,68,76,36,71,45,5,79,20,40,25,42,76,28,18,81,91,55,94,51,76,27,89,98,62,28,30,88,54,81,29,14,80,5,31,50,91,18,70,18,30,88,0,57,26,53,65,19,98,53,59,28,23,38,79,42,32,70,56,62,9,27,66,62,96,61,37
50,17,7,65,77,41,53,40,16,66,70,38,13,86,13,81,90,9,14,16,65,72,71,54,31,24,78,13,0,32,18,27,2,61,68,94,92,72,68,76,92,53,34,27,88,51,47,16,45,75,46,13,37,23,43,97,54,48,47,24,62,15,11,85,54,54,55,96,3,71,47,4,43,47,35,74,61,65,36,40,37,32,96,2,31,3,46,83,16,21,20,56,6,78,95,37,12,61,17,65,9,54,31,61,20,91,25,12,41,64,98,42,59,65,56,99,66,22,49,44,83,18,25,45,84,59,60,77,6,1,20,7,51,89,12,78,52,42,29,81,91,49,86,46,2,2,31,40,80,31,34,58,21,40,17,27,18,52,44,25,39,59,56,76,81,61,87,72,84,40,42,81,10,42,92,6,79,99,80,93,7,14,6,48,70,14,57,70,86,7,89,84,68,99,20,42,15,77,54,74
5,88,45,12,77,37,12,49,64,11,92,78,20,47,38,99,4,9,80,6,93,78,22,90,80,49,85,42,88,36,90,32,7,79,90,22,81,73,86,20,55,75,7,70,99,75,60,85,25,73,39,3,91,88,63,96,35,8,34,29,85,68,0,83,92,73,36,59,98,62,39,81,67,66,72,63,19,0,57,6,80,18,1,57,4,34,47,13,13,20,96,65,14,9,14,86,26,69,99,50,3,1,45,16,77,81,56,52,82,24,54,33,49,71,95,63,51,94,4,66,79,7,43,35,59,5,57,17,16,76,73,33,45,24,57,39,15,96,42,92,42,22,89,18,77,93,16,55,54,50,25,78,43,39,21,78,35,21,10,73,46,98,35,2,49,1,44,17,59,26,10,24,92,18,92,58,71,3,57,43,11,92,42,53,0,53,73,96,72,50,43,74,45,42,55,79,8,10,96,63
69,40,85,68,92,56,65,80,35,18,66,88,66,54,51,48,55,0,77,48,80,87,94,63,96,1,17,34,1,77,99,87,19,74,43,37,9,24,38,20,74,50,70,95,49,67,44,86,90,9,65,81,16,16,70,44,39,75,40,28,3,73,3,97,27,19,87,73,88,15,86,83,35,70,33,50,10,95,97,8,48,72,90,41,83,49,34,97,58,87,45,61,45,75,89,43,88,88,10,4,94,35,88,41,66,87,36,6,71,62,42,33,69,36,96,10,63,66,88,95,70,58,31,93,72,9,22,40,47,17,84,8,32,18,82,56,23,73,71,71,65,73,3,22,57,30,82,37,34,47,63,18,46,23,11,72,24,37,69,13,14,94,67,72,1,23,58,18,75,71,9,0,15,51,92,85,69,42,56,39,93,13,66,69,74,12,73,34,48,69,5,88,95,21,78,40,51,38,14,27
17,2,19,91,28,19,37,37,12,79,0,42,48,18,95,80,15,98,83,95,58,43,56,81,49,53,35,3,40,24,33,86,41,82,64,63,83,91,22,63,43,38,67,51,3,32,97,28,47,88,20,90,84,62,20,3,5,24,66,55,98,7,27,83,51,14,60,59,45,6,91,25,88,51,79,58,37,30,4,36,13,76,94,93,75,54,11,66,22,47,36,10,21,69,68,95,92,27,97,45,66,77,76,15,21,29,76,18,59,0,47,80,74,15,61,70,82,92,88,35,92,46,33,97,59,32,59,73,15,85,16,87,53,70,98,76,86,13,65,29,69,51,68,93,8,80,14,38,51,70,27,93,55,24,88,68,38,42,66,90,16,59,92,18,92,23,19,48,53,91,91,70,27,33,50,58,94,97,61,98,44,78,51,60,88,6,45,88,47,94,24,89,16,54,10,67,29,74,32,80
60,38,90,40,96,72,85,68,80,35,97,4,70,43,62,57,62,16,65,27,34,0,13,38,46,10,37,16,93,33,70,55,38,75,12,25,45,95,29,10,6,97,3,89,93,25,47,83,81,73,76,33,71,25,5,74,90,94,3,50,56,15,51,21,19,85,56,83,3,41,78,16,9,13,38,53,45,60,54,99,86,98,65,88,9,83,76,12,72,31,12,49,61,64,32,71,84,70,84,39,87,57,4,55,20,16,58,68,33,20,11,0,31,59,73,39,97,24,50,57,5,25,81,44,49,61,78,93,36,95,12,77,0,64,83,15,48,1,41,49,38,89,42,11,78,39,3,58,27,19,3,96,44,3,90,25,48,24,47,29,71,83,53,58,68,83,99,50,19,37,12,70,0,64,55,23,79,47,8,20,11,84,43,69,34,62,66,27,6,83,69,29,22,48,3,15,57,15,44,62
87,32,54,30,15,44,94,88,56,90,91,90,29,67,6,45,13,46,37,97,3,97,46,81,35,23,97,91,9,27,30,79,99,89,52,32,3,64,55,19,83,9,69,49,96,60,33,3,79,58,16,45,46,22,68,84,52,80,7,9,64,58,65,92,44,21,17,37,95,30,10,43,55,0,61,11,17,36,94,24,3,59,95,1,85,78,81,34,1,50,58,49,32,74,22,33,53,12,63,18,40,74,7,9,17,59,84,97,64,33,18,11,81,12,77,14,82,33,95,72,80,22,82,6,87,39,83,95,18,21,54,25,74,54,70,48,24,81,29,91,9,57,9,36,78,6,15,24,81,75,60,49,39,99,46,26,58,27,29,69,31,97,99,87,20,12,83,36,68,99,45,49,15,51,7,84,21,9,52,3,48,93,82,66,77,38,67,19,13,75,48,4,89,36,13,52,48,46,62,70
85,52,36,95,80,79,1,26,98,29,0,31,97,58,44,54,87,43,96,19,12,16,33,87,7,82,53,0,56,42,71,33,64,89,45,73,54,9,29,31,82,41,73,92,41,58,82,69,72,85,98,56,74,29,66,98,53,93,35,19,17,79,67,81,11,34,80,82,45,18,36,54,56,62,20,98,92,93,7,4,68,90,44,39,0,6,29,46,55,0,98,1,55,97,0,67,49,22,34,12,99,28,15,75,4,11,4,41,18,99,37,94,75,35,95,84,22,67,4,10,6,97,47,89,77,80,39,83,19,11,43,73,38,13,44,11,50,5,83,64,54,12,15,32,42,31,14,7,44,92,48,70,1,65,85,1,89,45,49,40,31,74,86,75,44,60,85,14,55,48,81,21,70,41,1,5,79,4,50,80,22,58,62,51,84,68,80,47,57,66,36,78,12,94,92,84,3,69,4,66
54,88,71,94,56,32,51,85,53,54,67,83,79,27,28,45,16,53,13,44,66,89,61,45,90,1,16,1,39,28,7,89,11,32,92,8,40,11,93,57,21,95,36,67,8,17,52,99,40,65,28,53,76,85,21,70,98,23,31,10,6,33,56,67,19,96,33,52,96,41,22,40,45,25,13,34,65,43,57,37,92,88,96,60,14,50,70,1,43,54,36,35,18,13,53,71,8,26,42,40,22,66,88,43,0,13,15,50,46,13,94,43,0,61,86,10,61,80,50,77,61,4,88,88,52,50,85,53,56,68,6,37,51,87,26,25,46,62,38,1,58,43,13,26,21,61,57,3,89,52,35,86,28,70,94,61,20,82,91,50,91,79,61,79,55,54,52,34,15,25,89,65,66,2,20,54,18,79,94,55,86,44,27,89,53,67,23,10,74,28,81,85,23,58,25,90,70,97,7,51
52,54,32,31,98,60,33,2,87,49,29,26,80,74,96,37,47,48,42,47,77,28,14,51,50,86,91,5,51,23,53,59,64,0,20,95,6,3,43,46,61,57,93,3,98,65,48,54,94,49,52,3,14,67,61,30,36,83,65,98,12,48,59,67,88,60,1,77,58,30,90,7,67,95,62,8,85,61,38,13,74,17,16,12,65,91,96,1,31,16,67,48,7,60,13,22,50,2,54,97,13,1,89,28,73,48,41,55,45,14,77,77,80,69,31,20,50,90,18,74,65,82,44,22,69,47,63,61,64,97,16,99,48,56,26,17,7,8,61,90,50,96,19,27,75,88,81,96,20,10,59,65,9,45,33,45,5,17,17,3,54,42,74,43,7,63,44,35,2,59,51,71,19,52,87,22,16,84,49,44,97,9,87,70,27,32,69,86,13,83,4,36,66,20,97,88,46,67,3,69
93,28,59,35,66,44,1,27,89,3,15,48,11,74,2,90,64,56,45,19,19,83,70,1,70,57,92,60,68,2,51,60,36,31,36,58,17,46,36,32,44,45,41,64,51,21,88,85,75,29,20,25,16,31,92,49,85,27,44,45,83,62,72,95,0,78,83,41,89,53,66,48,21,3,48,20,36,7,93,65,36,6,15,48,67,30,83,12,55,34,37,12,73,22,38,10,3,55,59,57,1,9,98,64,10,73,2,40,80,54,21,69,87,80,82,48,6,81,1,3,33,15,94,82,31,82,33,38,96,23,4,61,47,7,64,75,45,55,19,32,61,28,64,34,81,90,40,65,51,58,15,53,86,58,11,13,0,10,1,55,28,69,60,12,37,85,16,30,53,36,30,55,32,92,74,78,45,58,93,14,15,14,62,59,46,75,65,26,30,91,90,15,9,94,72,58,52,61,50,71
34,49,80,43,97,26,35,97,83,94,62,61,90,70,72,0,82,21,56,69,47,99,32,64,10,6,83,86,83,61,90,53,5,62,68,66,59,82,43,21,52,74,3,16,64,13,79,13,20,5,7,42,44,64,39,50,3,64,50,94,76,27,24,69,33,46,39,90,16,84,94,37,3,23,83,9,24,47,37,97,90,86,34,81,60,49,47,36,52,70,72,0,49,82,28,42,14,82,8,25,42,97,72,50,28,5,98,34,79,52,48,68,56,82,10,57,9,46,37,62,78,5,71,53,27,18,26,9,52,97,80,80,42,39,29,38,59,36,45,84,33,36,34,63,84,82,79,60,29,71,39,53,28,88,83,22,10,88,94,65,44,68,19,99,88,16,98,37,9,91,84,96,14,40,1,1,52,13,80,68,29,68,22,24,74,85,85,21,74,70,0,62,33,23,92,6,59,23,33,58
93,51,18,24,14,58,80,35,23,81,86,47,81,34,62,84,69,84,44,35,42,50,84,5,48,9,27,77,92,12,55,93,63,79,88,1,28,92,42,4,30,67,80,39,29,28,4,32,80,55,9,20,24,59,31,57,55,60,97,72,67,95,29,6,40,45,9,14,13,73,89,0,20,18,47,13,60,21,34,68,59,4,96,3,14,85,15,7,84,13,62,58,56,49,53,15,63,10,62,13,85,77,24,16,57,15,66,29,87,27,66,81,23,59,44,14,80,96,69,14,78,99,73,21,11,68,84,41,64,45,26,81,40,52,39,47,81,58,14,99,50,61,30,42,6,2,30,8,44,20,53,98,62,16,66,79,15,6,59,74,79,84,62,1,17,34,54,62,41,23,66,67,17,88,71,59,62,10,89,76,4,18,44,44,30,77,98,42,69,14,12,33,45,0,54,95,77,28,44,40
55,77,7,37,16,54,10,53,3,94,53,96,13,24,40,79,28,53,69,96,89,92,45,55,89,56,80,65,36,89,91,37,82,72,40,57,14,57,97,8,83,72,48,14,35,60,75,64,68,77,94,22,3,60,72,79,47,41,3,93,6,45,62,94,39,54,62,23,12,80,50,51,24,73,99,83,6,5,3,58,0,1,62,64,90,46,95,1,71,99,93,93,83,40,49,82,40,85,81,22,66,42,63,86,25,53,56,12,81,79,41,73,90,0,0,30,76,15,80,38,86,33,58,6,54,18,80,10,96,37,48,56,96,2,26,81,19,91,15,35,42,10,38,58,73,63,5,56,35,33,29,42,7,16,19,60,8,7,95,45,11,60,43,91,81,61,38,45,12,16,72,33,71,35,32,44,78,90,44,94,24,50,97,83,59,16,92,7,89,19,2,43,53,4,4,44,6,44,34,54
30,44,57,89,44,0,9,96,71,44,78,68,86,57,43,0,0,25,48,83,37,39,77,17,71,25,80,63,19,80,44,31,37,54,73,33,7,95,40,65,82,74,42,50,95,2,57,46,44,66,52,63,91,18,60,2,88,49,73,65,8,79,55,16,3,75,46,68,46,31,56,51,38,16,5,55,45,45,42,3,42,91,19,17,97,36,15,91,77,54,43,24,89,95,95,86,18,14,76,46,51,52,75,11,32,25,83,56,53,19,82,54,59,22,46,56,77,33,23,43,88,76,65,36,97,71,23,32,41,92,80,70,79,94,7,25,55,2,35,74,55,26,12,72,70,53,24,95,92,85,46,54,35,33,92,79,9,59,69,14,81,9,53,9,5,37,98,15,55,71,65,71,94,92,38,4,79,76,2,12,37,92,33,97,34,59,71,68,61,44,40,89,36,93,32,56,68,78,23,31
64,75,42,36,75,96,39,87,90,17,11,5,58,55,32,76,75,10,71,95,89,20,72,12,16,59,81,33,11,19,6,61,7,19,2,73,11,78,75,8,72,18,72,95,53,73,44,37,72,4,99,3,20,97,65,8,0,56,79,77,75,82,87,28,63,23,84,70,15,66,38,23,79,55,64,98,63,14,39,30,48,90,44,74,52,82,43,20,41,75,31,60,16,2,29,72,72,66,32,27,46,9,52,57,42,50,28,22,39,34,78,35,15,91,57,82,7,2,46,16,62,93,72,66,86,47,58,94,95,65,20,12,71,53,57,81,26,44,35,43,87,89,22,55,74,1,95,92,90,64,74,9,91,38,95,87,96,81,1,93,58,79,9,33,85,32,53,88,41,56,90,9,45,19,93,42,60,13,18,76,24,89,39,35,36,69,91,63,75,9,2,25,63,41,90,33,41,65,32,41
50,68,45,7,98,9,65,5,13,67,41,70,75,90,13,20,50,47,44,13,87,77,85,99,26,31,20,2,71,96,98,16,37,1,91,31,26,77,16,31,98,38,84,70,69,20,60,74,92,68,92,15,60,95,62,91,69,61,78,58,46,45,59,78,27,87,32,44,61,1,59,25,37,47,48,88,83,73,48,33,18,28,89,43,45,70,13,43,70,18,57,99,27,28,71,86,50,13,77,41,58,44,19,6,56,21,17,16,1,3,41,52,84,46,91,31,96,98,66,50,36,59,52,23,7,50,83,45,81,20,94,83,26,98,7,34,79,89,34,58,22,29,80,3,63,46,7,45,51,43,77,53,4,59,25,27,59,25,13,26,45,11,6,47,49,67,50,54,96,91,80,97,43,32,43,59,70,74,80,14,59,1,26,86,13,24,40,11,42,15,38,1,80,88,54,59,75,60,70,81
29,95,2,39,40,30,43,83,22,12,23,86,39,9,65,44,31,95,66,7,91,23,18,71,89,20,77,8,64,79,21,87,17,48,97,2,81,84,44,8,97,8,84,29,13,38,11,8,90,27,26,39,21,97,14,75,60,66,24,22,87,14,69,37,57,87,8,27,30,99,91,29,17,0,81,19,83,27,14,97,99,54,5,83,33,5,8,94,77,60,86,37,73,48,73,83,92,15,16,71,82,90,30,70,93,70,5,68,10,74,79,44,25,77,79,14,47,28,69,23,93,7,52,28,38,97,85,92,86,57,92,36,51,97,54,80,90,78,78,88,38,39,14,48,44,39,99,66,14,40,58,55,59,50,41,77,94,17,76,80,79,17,97,83,23,88,48,42,51,26,65,42,46,4,76,69,24,25,17,53,68,31,29,8,36,23,2,99,72,13,40,67,84,14,50,24,70,23,94,9
44,72,17,40,20,22,55,80,26,7,51,33,15,32,84,1,94,59,46,73,13,35,24,98,95,45,92,39,82,79,82,20,21,0,54,68,30,58,40,32,57,92,38,60,44,39,13,39,23,65,42,21,53,9,32,77,71,94,50,91,5,38,34,71,42,43,74,8,61,55,92,50,37,85,40,87,71,72,46,52,47,95,41,73,16,22,68,71,9,77,17,66,96,70,80,35,24,89,10,90,12,13,25,9,51,50,89,66,43,91,17,72,84,50,32,22,70,62,84,32,35,93,81,39,39,94,42,75,38,98,17,95,13,36,69,49,82,31,64,29,33,9,68,74,68,81,3,80,74,21,28,80,64,58,57,29,26,78,42,8,85,29,96,39,74,88,26,99,78,23,74,88,5,36,13,78,22,9,45,23,13,71,0,13,52,94,29,37,92,22,87,13,92,87,2,86,84,25,10,3
87,58,78,95,51,38,66,21,26,58,15,71,95,37,4,16,23,91,98,16,79,63,92,98,3,52,44,24,47,76,35,3,94,94,1,42,95,86,2,18,57,83,80,20,0,17,48,11,90,33,76,60,1,39,43,52,70,27,17,53,62,99,75,69,66,93,79,52,0,92,33,58,2,45,88,30,43,73,8,93,56,6,82,54,66,8,31,42,65,21,19,81,15,8,92,49,83,83,67,27,71,56,98,36,65,8,52,4,86,92,84,15,2,52,77,26,80,21,24,37,1,37,50,91,80,2,16,46,17,10,69,65,48,51,43,16,91,23,16,88,63,38,8,68,6,63,48,96,41,22,73,32,45,8,23,21,6,14,6,36,21,31,78,60,67,47,47,99,10,19,43,88,50,23,61,32,98,29,96,12,19,75,8,67,46,86,14,53,9,30,57,4,42,5,97,62,56,58,78,40
84,4,22,34,21,56,81,48,6,8,52,97,75,44,48,63,90,71,46,16,84,67,91,1,57,90,8,92,94,99,88,83,57,77,56,92,2,75,85,55,72,64,13,65,64,86,57,19,15,50,79,59,52,18,87,15,80,35,72,22,10,14,41,17,47,99,22,79,11,98,29,34,70,82,10,75,85,31,91,52,45,80,50,24,1,62,57,75,93,48,43,12,84,47,48,78,16,42,92,91,74,64,86,92,91,34,16,50,1,69,10,89,78,80,87,4,15,87,5,20,52,44,9,30,56,7,3,8,63,69,4,44,15,29,62,34,31,24,74,15,21,79,30,55,60,91,77,39,18,85,22,23,43,36,69,84,77,16,37,46,49,17,29,78,4,21,62,27,99,51,5,23,1,89,67,4,58,41,1,45,25,56,38,71,60,28,24,30,8,84,58,49,96,2,81,41,39,96,35,3
66,92,1,56,32,27,49,7,0,45,18,45,85,20,32,89,38,75,41,39,85,94,50,7,22,11,80,93,17,35,23,15,92,43,97,11,84,90,76,81,47,61,85,81,18,22,68,24,21,94,17,1,60,66,90,40,55,97,75,93,38,8,12,74,2,91,13,24,67,72,48,69,62,98,49,52,36,53,38,92,6,72,87,78,61,40,48,18,1,95,46,7,22,89,44,20,78,41,50,67,42,39,85,68,49,27,47,65,87,45,18,66,36,46,20,96,51,80,93,96,82,75,8,45,84,61,21,66,6,28,84,83,17,86,35,96,21,70,22,61,46,30,48,65,7,24,63,89,27,51,85,91,69,94,85,20,17,36,57,88,38,29,10,58,75,25,51,76,13,19,39,69,50,48,60,69,39,74,69,30,21,59,68,49,3,75,55,45,25,75,94,52,44,56,72,55,1,60,7,1
73,36,25,23,91,51,34,67,37,51,77,23,69,30,59,38,98,24,59,30,20,56,67,49,14,9,48,61,36,87,60,46,81,43,61,48,73,80,19,11,56,4,28,56,50,91,28,77,72,90,55,40,66,49,3,36,23,7,39,38,73,95,22,48,50,96,47,96,43,57,1,40,93,68,26,97,6,86,24,66,1,49,71,99,90,44,12,71,88,75,76,20,95,83,82,6,26,69,50,55,98,92,9,86,14,72,34,77,79,51,7,78,55,48,6,83,97,27,73,90,72,8,8,48,88,66,2,0,88,60,62,17,50,96,15,9,37,48,28,34,89,79,6,4,64,52,33,44,35,65,77,51,51,3,26,66,58,34,51,3,65,45,60,22,59,73,15,6,89,99,33,83,26,28,95,72,7,64,87,97,67,83,34,65,29,0,99,22,75,54,26,82,19,74,80,85,49,24,10,57
95,23,49,43,60,36,92,15,37,57,29,44,15,7,7,73,43,2,26,44,7,95,41,6,5,21,13,32,27,3,6,44,33,33,71,4,41,70,23,56,20,3,27,63,81,98,68,53,35,14,21,36,92,63,14,50,71,82,43,5,82,56,84,54,57,4,12,40,18,30,22,96,74,85,12,88,14,1,97,81,20,80,64,22,48,44,83,46,6,75,68,57,98,61,81,52,99,2,99,68,38,92,23,78,74,4,60,53,38,27,38,67,91,71,72,69,20,89,98,83,73,38,53,53,83,96,27,48,33,79,32,44,4,60,4,83,73,52,44,63,77,12,47,18,2,12,37,35,16,37,9,0,88,71,89,35,76,8,12,30,37,81,69,20,27,51,83,69,74,61,16,50,62,56,52,35,88,43,66,6,32,18,70,82,83,35,1,96,10,54,50,29,86,98,68,80,48,71,34,51
21,86,55,38,54,31,61,16,17,40,31,12,7,88,48,4,67,54,40,28,13,64,75,21,1,27,97,72,27,70,36,90,66,31,45,55,17,82,22,45,85,62,9,27,27,5,86,74,75,48,11,23,9,56,85,94,60,91,73,96,68,51,28,57,10,62,23,5,7,87,31,69,33,61,56,4,54,27,86,13,99,84,33,41,94,72,6,10,73,63,11,79,10,50,44,37,92,93,49,24,11,60,52,20,8,11,95,83,61,60,87,96,84,75,48,93,83,30,33,78,91,39,28,43,54,11,71,20,24,89,2,3,90,20,21,83,11,54,99,88,79,18,0,40,29,12,92,41,33,45,9,32,83,82,91,22,52,55,9,69,94,69,11,8,32,47,74,45,64,66,3,11,13,96,75,28,22,17,86,99,16,1,96,3,20,5,57,70,84,84,25,29,59,26,27,89,69,62,59,42
81,44,79,64,12,38,39,40,15,27,78,13,32,7,37,56,18,71,54,69,97,4,73,31,94,16,11,64,85,27,8,3,58,4,73,31,2,37,72,37,49,45,47,85,24,97,3,78,57,42,45,72,37,18,8,56,51,94,14,75,35,87,6,23,57,50,79,31,47,67,74,78,7,69,25,40,26,17,32,65,62,36,6,59,34,42,14,63,63,73,41,19,88,31,71,39,76,21,37,42,53,98,53,48,61,44,81,26,60,61,59,74,28,41,26,14,29,92,67,76,9,0,91,72,0,74,72,38,90,82,76,22,42,48,9,26,31,45,99,96,35,27,76,65,87,38,61,61,29,89,79,92,25,73,73,54,55,84,66,17,43,17,7,93,99,67,34,57,90,69,42,39,26,95,47,56,76,15,70,52,60,91,30,70,76,94,82,13,25,69,11,22,12,1,91,41,64,54,64,19
9,20,3,98,3,47,99,37,5,60,10,27,36,96,84,19,16,67,67,45,5,54,16,48,20,35,35,51,41,58,95,31,9,54,41,24,8,92,58,24,68,80,56,85,66,55,17,66,35,66,4,22,48,29,62,53,59,2,60,79,41,13,3,22,68,6,53,13,22,11,67,76,49,60,21,60,58,20,33,47,57,12,12,71,10,24,31,41,34,80,26,97,49,61,76,91,12,88,86,48,73,2,62,21,78,96,72,6,39,63,16,59,44,16,23,2,90,14,9,68,47,46,48,29,97,0,42,11,64,70,25,59,92,71,11,20,89,59,34,16,15,52,98,69,22,72,98,33,50,10,10,47,12,75,75,19,57,28,81,40,1,66,29,32,16,45,62,52,17,90,30,63,72,16,3,38,70,33,37,82,8,3,16,49,13,69,34,70,80,4,57,17,42,69,95,60,77,49,32,50
91,28,29,89,47,65,4,41,57,75,43,83,77,66,30,83,76,1,53,36,40,9,99,23,31,82,14,32,43,45,3,21,38,70,75,95,83,53,7,22,41,41,45,33,17,56,99,28,15,34,21,68,67,29,57,77,20,62,59,90,38,46,16,57,14,0,55,21,50,27,41,38,16,92,38,68,39,22,33,53,5,42,70,17,82,85,36,76,22,45,10,63,81,25,35,15,51,66,25,23,42,43,3,20,65,7,11,48,21,59,31,33,7,70,91,16,64,86,29,55,76,78,58,51,2,65,60,22,34,23,62,88,52,9,23,49,53,71,43,41,25,15,40,96,8,89,85,25,39,55,58,14,86,10,23,17,95,6,47,23,94,19,69,6,28,86,46,36,51,0,19,67,20,62,54,23,60,49,31,81,37,76,28,22,64,61,14,27,84,8,17,41,23,52,68,76,34,80,13,18
83,42,18,21,65,52,60,33,51,63,94,14,59,33,92,98,59,66,15,96,23,87,72,92,69,8,76,5,17,81,2,54,53,84,37,33,54,45,50,15,6,46,14,61,49,6,52,51,66,94,33,7,34,16,33,41,45,36,55,23,66,48,23,48,98,71,31,33,49,18,20,92,19,91,18,45,86,52,54,60,53,40,93,2,58,73,81,75,54,51,9,60,29,93,42,68,21,98,17,11,39,41,77,36,37,46,10,48,47,49,56,17,93,90,66,59,19,84,74,79,60,66,65,97,66,64,61,84,10,90,23,93,96,8,55,28,9,14,7,13,61,55,76,39,17,10,84,11,21,60,66,60,0,57,16,38,28,57,50,53,66,75,32,48,91,62,21,87,81,24,36,75,41,73,92,17,97,24,89,67,4,97,99,78,97,55,25,55,5,53,99,85,31,32,40,68,6,67,79,22
68,76,18,32,82,11,98,76,61,85,18,37,63,55,10,86,19,21,21,88,51,18,54,55,31,98,88,25,27,8,1,0,70,85,37,42,11,85,65,7,14,57,86,86,55,99,0,63,34,55,63,37,39,34,1,76,2,81,16,3,7,51,79,26,15,12,84,47,47,84,24,82,91,92,27,5,60,39,0,10,67,76,36,54,84,48,51,87,90,40,51,2,74,62,1,90,88,57,24,45,95,42,89,82,48,1,53,64,57,9,97,54,93,1,7,10,96,32,11,5,41,84,45,82,63,71,11,39,96,67,12,29,79,21,99,6,58,33,37,22,40,92,65,39,92,30,85,99,57,78,7,65,99,57,76,71,35,80,94,98,20,63,16,23,46,56,65,43,76,47,66,59,79,76,62,90,41,26,78,27,76,15,58,59,2,74,69,44,18,52,36,77,42,45,90,75,42,3,77,76
18,45,57,14,63,53,6,22,54,34,81,12,8,81,24,48,48,32,58,47,88,12,2,40,72,44,59,68,33,38,18,5,16,24,94,88,63,7,92,0,69,10,66,60,67,34,25,7,88,59,43,74,25,94,72,74,42,69,50,28,8,97,28,47,63,79,48,62,57,7,36,63,42,97,70,52,95,25,92,20,2,6,96,42,60,52,2,47,98,48,44,42,22,81,95,41,62,96,47,26,79,55,41,40,67,72,49,20,21,94,19,92,47,22,35,75,46,4,21,72,22,48,56,85,77,48,35,60,1,96,72,25,34,69,61,82,70,35,6,16,85,89,1,11,38,59,59,74,59,0,47,36,89,74,52,7,51,12,84,59,73,90,31,71,86,16,35,41,71,9,89,72,91,55,74,36,7,80,74,57,31,79,89,99,3,62,40,14,33,44,14,71,1,11,47,0,55,60,47,54
20,47,0,20,90,42,10,27,38,38,76,72,26,33,60,14,29,3,45,27,91,24,29,14,77,27,97,24,48,93,25,32,63,44,72,35,32,40,41,60,88,9,74,13,79,23,34,49,50,98,10,27,85,28,49,31,65,14,20,67,50,52,37,51,11,54,19,43,39,28,31,68,20,84,27,11,31,43,21,42,10,2,80,72,98,41,78,83,38,71,81,80,85,79,67,52,52,6,97,59,67,2,8,27,78,36,52,50,42,47,67,59,50,20,19,67,87,57,40,93,47,42,47,69,85,72,87,47,19,91,81,78,82,18,81,80,43,33,13,81,19,74,38,92,64,84,42,87,36,18,75,34,92,33,31,80,9,78,13,54,47,43,20,9,62,8,40,31,54,30,85,29,68,12,72,32,51,82,97,14,25,75,43,16,81,26,36,99,43,73,57,87,24,23,54,49,80,25,78,40
67,4,25,59,67,93,67,51,48,89,13,27,17,44,76,22,31,50,67,24,97,25,11,42,2,74,33,64,64,91,95,0,90,70,92,77,25,9,33,82,96,10,86,97,2,93,55,41,49,40,7,36,8,15,75,30,46,62,36,47,10,36,87,43,44,93,18,56,46,9,44,56,0,60,87,50,50,58,26,0,19,9,41,3,11,29,69,39,27,40,25,82,54,47,3,32,60,21,25,0,73,19,31,82,52,96,9,20,90,0,90,36,22,13,61,17,40,9,97,22,74,7,36,9,47,92,25,51,86,26,82,1,76,1,41,11,58,22,79,77,41,85,44,32,97,55,62,86,33,70,83,62,5,25,34,15,10,63,66,65,55,63,28,11,57,74,44,95,56,62,22,99,5,63,22,32,96,12,60,98,71,28,4,72,78,43,23,38,11,49,39,17,42,81,80,66,1,74,75,51
37,55,89,11,32,17,17,21,24,88,28,29,70,63,22,67,68,76,46,53,29,4,90,75,27,99,45,42,51,89,14,34,81,18,61,69,31,7,38,90,75,82,74,94,57,15,86,15,56,93,27,11,82,82,29,48,78,10,80,82,61,63,24,89,65,62,1,69,22,82,31,56,11,43,45,31,10,76,37,85,52,54,56,65,76,94,78,91,20,62,4,20,89,1,31,15,59,56,22,43,60,48,66,78,24,91,38,74,55,27,1,92,30,2,66,56,52,24,59,9,52,95,95,90,64,62,22,0,46,72,32,79,23,51,21,20,36,69,72,69,1,91,67,53,94,30,3,70,25,40,30,65,42,92,57,65,34,73,73,5,99,37,22,88,5,45,42,59,17,6,67,22,87,68,4,95,58,18,83,56,81,46,9,16,2,41,19,70,58,44,4,93,68,20,28,36,23,68,31,98
50,77,1,38,91,66,70,70,8,62,53,42,26,91,58,45,29,68,37,55,14,15,59,97,16,5,67,69,52,59,74,26,80,12,47,5,7,5,67,75,67,33,82,36,69,61,47,4,42,7,98,77,44,28,66,76,83,83,59,21,98,3,2,18,17,0,56,51,16,89,65,57,60,11,5,22,34,30,22,82,30,67,18,72,33,96,17,22,50,99,31,46,7,74,78,86,15,56,22,60,86,83,38,61,77,54,47,0,85,93,65,6,91,23,46,39,68,72,40,44,55,85,43,37,12,42,32,87,54,66,29,56,77,70,76,38,72,44,4,89,93,62,59,84,47,64,2,56,31,59,71,13,80,92,53,38,73,37,59,64,48,51,98,43,40,54,37,93,20,21,55,43,63,93,76,85,81,46,33,26,60,1,82,78,53,57,50,5,1,69,14,98,75,71,52,16,4,99,0,12
18,83,20,92,43,75,43,92,54,16,52,88,16,50,17,38,29,80,84,50,66,9,87,48,50,33,28,33,61,69,84,14,85,40,64,54,61,42,70,50,17,3,34,68,3,98,65,50,23,64,59,65,46,33,61,98,82,42,74,48,47,36,87,32,49,72,86,11,29,64,4,2,62,99,4,44,1,53,96,81,74,42,18,18,70,70,96,93,49,53,29,6,9,48,80,29,2,88,59,64,30,44,93,5,5,23,85,45,89,88,43,47,19,46,42,0,38,2,12,24,73,79,41,20,77,34,22,86,25,8,3,97,77,58,45,26,47,44,78,72,4,10,46,5,48,15,7,97,29,95,85,20,25,48,79,72,17,85,47,73,33,68,61,70,94,42,24,37,98,58,58,39,74,10,78,14,88,14,87,75,12,7,43,32,94,43,59,75,41,97,38,49,54,27,6,23,85,69,46,35
5,72,58,63,75,7,93,66,27,66,17,88,27,92,86,53,59,66,32,65,59,34,47,43,65,30,97,8,53,93,23,3,37,27,50,92,46,34,68,38,78,17,11,70,58,69,42,66,96,78,43,62,53,92,62,6,8,17,31,36,75,52,55,94,8,94,84,1,57,40,40,41,48,97,29,6,5,99,51,47,37,10,79,9,85,52,91,47,29,11,31,97,79,65,50,27,73,75,23,32,22,42,55,68,49,18,60,96,67,72,97,17,99,8,5,12,9,20,10,8,84,29,22,41,5,20,16,34,16,68,13,24,42,70,15,70,70,89,52,76,9,46,96,91,81,29,84,90,9,58,79,52,71,82,63,46,45,25,73,24,94,41,70,64,28,30,26,36,9,34,96,14,11,59,96,13,71,0,85,2,55,9,66,33,88,55,15,82,46,32,33,8,77,83,16,26,10,5,98,9
69,41,12,30,45,29,45,68,30,54,79,29,21,53,43,59,47,8,93,18,53,22,8,23,60,38,88,16,22,67,45,37,51,29,65,63,75,87,43,51,76,35,59,20,36,62,86,14,30,73,22,87,18,85,75,88,56,34,28,7,61,92,45,41,76,83,43,15,96,93,71,79,95,46,68,49,96,96,3,83,7,21,81,63,33,43,72,99,59,94,4,51,3,69,85,84,1,90,73,16,61,40,23,55,71,92,43,41,37,72,10,74,29,53,39,31,45,75,16,97,0,35,31,56,71,20,32,71,2,31,32,36,94,34,0,80,66,25,4,60,38,1,91,53,32,48,88,2,43,21,83,42,67,8,90,46,58,75,76,61,1,94,19,73,42,69,50,53,34,40,26,62,96,38,47,35,85,15,3,14,19,65,62,40,64,67,4,5,5,85,8,94,40,47,7,76,75,64,30,34
86,78,5,51,59,45,84,9,39,30,20,46,1,24,87,53,84,25,54,77,45,54,67,47,14,97,39,93,95,71,62,44,87,3,2,66,31,69,51,9,58,17,80,93,21,72,24,41,86,65,47,10,49,66,67,23,15,96,96,12,19,22,20,66,92,14,73,65,0,87,44,31,78,3,39,93,2,75,43,87,15,57,28,15,20,14,51,7,84,38,37,21,71,53,38,49,85,24,33,83,81,69,80,61,68,44,44,28,17,8,5,63,85,42,52,66,97,24,71,86,27,45,87,68,30,25,70,44,2,13,27,95,83,97,81,14,83,46,80,32,26,79,19,82,70,31,44,45,33,62,99,32,83,54,34,37,6,0,66,63,83,60,98,10,90,58,64,7,87,59,90,95,49,88,63,75,74,57,56,61,4,95,99,14,9,92,73,4,53,4,92,59,93,38,35,49,58,47,22,14
33,4,38,10,42,7,95,14,39,48,35,39,89,55,55,3,75,0,24,4,76,0,82,75,95,62,73,14,94,43,77,47,80,76,34,61,64,9,14,28,23,51,29,33,50,62,43,80,4,38,76,91,78,76,14,80,62,66,49,10,84,31,43,8,76,88,15,56,20,4,99,20,61,91,95,36,77,88,55,64,96,45,13,55,77,88,30,1,77,52,78,77,66,60,18,48,17,32,12,15,74,18,20,67,1,4,5,32,75,86,35,7,40,42,74,17,83,60,80,14,68,24,89,87,40,63,16,12,20,35,23,37,29,54,76,60,68,70,54,57,31,54,99,54,98,17,39,58,97,53,59,68,63,79,65,64,84,74,32,6,76,34,96,76,55,24,30,72,61,84,55,6,7,34,23,24,88,13,45,12,11,70,19,26,30,97,7,99,48,79,65,10,77,85,60,95,66,0,96,18
28,2,55,49,13,69,27,54,98,15,32,24,29,51,11,29,82,18,42,50,53,33,5,95,52,59,70,89,95,43,25,90,10,86,74,41,30,3,59,7,23,55,23,58,90,52,77,80,90,89,7,39,91,20,86,49,39,9,91,79,74,39,13,49,73,74,14,77,82,52,31,3,98,96,75,9,19,93,4,19,67,47,42,16,94,9,2,1,20,75,71,14,58,74,40,18,71,54,96,18,29,65,12,11,78,71,67,87,84,10,68,87,79,51,78,43,74,90,36,2,39,64,1,60,9,71,73,98,68,60,19,1,50,80,60,15,12,0,20,35,53,27,25,3,88,74,11,89,86,69,4,8,22,17,89,98,61,38,38,91,70,50,48,92,94,7,24,81,54,78,89,28,85,69,15,20,14,76,26,78,11,25,65,28,95,49,92,44,19,63,18,76,99,48,62,24,85,89,36,63
7,62,87,68,25,51,58,1,47,49,19,22,41,86,53,53,6,30,34,86,10,7,61,51,30,44,39,49,83,74,53,9,47,51,98,81,1,65,82,27,41,92,1,89,7,24,91,12,17,81,66,48,92,80,71,92,28,43,63,15,43,98,5,86,51,67,52,76,53,79,91,5,23,49,57,63,15,99,75,76,38,73,17,17,55,32,16,59,32,4,47,78,99,61,54,74,22,59,56,25,57,93,1,79,1,86,2,0,39,47,9,6,56,28,98,47,20,22,0,69,58,9,83,77,37,52,78,34,92,82,68,72,76,16,20,38,56,77,77,0,8,41,57,65,67,83,82,64,51,98,59,34,34,75,22,54,81,89,90,25,74,26,96,29,63,22,64,65,43,79,17,46,38,68,71,33,92,6,40,78,3,20,85,97,8,98,16,79,45,6,35,4,74,40,81,96,34,57,89,44
10,67,23,60,4,68,23,75,10,60,61,59,34,16,7,46,1,37,50,22,64,34,48,86,71,48,3,33,49,60,31,4,74,62,10,4,56,41,45,62,65,94,24,52,98,58,55,65,60,77,80,21,17,97,60,67,38,97,77,88,4,87,6,24,78,8,35,27,36,67,1,95,41,55,46,42,64,15,38,76,62,1,97,17,29,8,17,24,48,76,8,76,46,98,3,69,50,4,33,86,81,90,59,37,27,0,91,43,3,54,40,4,93,71,86,79,43,57,73,20,66,40,15,39,92,1,64,94,34,27,61,71,14,71,31,44,10,21,57,24,69,51,46,87,51,56,78,21,93,18,30,31,68,14,87,67,54,57,42,24,87,65,51,3,61,96,30,17,55,58,15,20,72,82,74,28,20,15,49,92,37,49,79,42,4,62,59,46,0,84,37,50,95,37,82,34,60,23,90,19
92,38,35,9,65,23,97,8,42,86,29,99,96,88,27,9,40,71,88,26,45,44,78,16,41,76,58,31,12,55,44,94,79,57,57,58,76,38,68,14,47,34,39,44,90,18,20,75,87,6,85,84,94,4,23,51,10,94,48,40,1,24,80,7,39,29,99,34,81,68,69,78,26,78,10,94,3,75,57,24,61,87,55,76,55,88,54,2,88,70,88,4,62,99,99,54,17,24,66,51,95,56,93,17,24,8,60,68,74,4,14,40,83,18,29,42,0,13,5,14,46,65,41,54,44,34,87,10,11,71,0,11,95,42,29,2,59,33,49,80,21,23,71,28,7,58,24,26,17,9,6,58,24,99,68,4,72,75,65,7,75,77,61,96,9,74,83,14,89,28,26,4,58,50,31,60,44,95,83,7,37,18,83,10,95,19,20,64,92,76,38,89,89,79,12,44,37,40,53,80
21,95,70,26,74,56,56,35,99,39,31,27,17,30,30,71,30,34,78,67,20,39,12,89,11,73,50,80,50,28,41,9,88,95,74,72,56,1,93,1,74,84,0,85,37,59,9,44,93,71,13,18,82,63,81,3,91,86,62,44,53,55,77,36,81,79,2,47,93,45,50,6,68,95,25,28,13,36,94,46,40,8,98,71,44,65,23,66,60,55,93,92,83,11,60,89,4,88,9,19,62,92,87,51,5,99,30,61,16,58,35,32,48,87,44,79,87,99,68,90,3,16,86,72,81,26,29,9,85,26,95,16,76,47,96,16,46,69,48,13,63,43,74,2,88,92,36,45,39,62,14,48,26,0,94,75,82,23,54,67,85,4,82,58,62,64,85,8,89,37,99,90,10,9,74,81,88,8,89,91,75,7,71,67,31,28,44,39,40,18,78,19,3,11,3,52,47,77,79,59
8,22,82,21,69,86,43,8,93,55,52,40,41,57,69,27,77,12,37,31,21,11,13,50,7,35,80,88,6,85,36,18,7,85,10,82,76,12,32,64,54,37,40,60,39,12,78,1,45,71,49,6,79,39,74,88,37,79,69,17,28,84,17,80,89,78,6,81,78,22,83,16,27,77,66,74,94,88,81,20,6,38,59,81,42,52,7,63,90,36,21,62,97,26,6,49,25,96,55,70,92,96,87,28,32,76,34,83,78,5,81,25,12,45,47,21,44,12,23,13,85,18,81,4,92,48,19,14,98,16,56,84,2,83,96,9,42,81,95,56,2,60,16,79,15,79,98,0,15,6,10,50,10,92,56,84,79,24,44,98,81,77,38,73,44,57,98,18,24,97,77,67,47,84,69,83,64,89,84,91,4,98,64,29,34,59,43,84,60,16,98,50,56,9,16,0,41,8,97,12
54,16,46,25,33,60,24,47,50,47,8,62,75,80,85,2,60,95,5,97,48,75,63,41,70,98,67,84,3,18,9,86,44,58,63,82,80,54,61,22,53,64,14,45,84,57,53,50,0,3,47,7,63,93,52,36,51,48,50,78,36,73,94,21,39,62,70,90,32,53,83,13,42,81,24,32,18,3,24,4,31,88,33,6,28,18,6,18,52,40,42,11,24,0,80,80,22,81,23,93,48,90,40,23,51,17,75,30,27,40,78,1,83,78,18,22,76,98,55,55,84,82,67,37,13,96,59,35,46,50,41,47,9,59,35,33,82,94,45,1,9,23,67,80,42,72,2,94,4,62,17,0,19,90,36,37,13,43,71,71,73,54,13,51,7,62,24,1,27,37,30,95,96,68,11,1,0,87,18,12,1,21,14,84,2,35,85,39,6,43,76,55,25,33,26,43,30,65,3,50
96,61,37,94,42,43,74,13,11,74,30,23,62,42,84,59,67,62,91,87,86,54,94,31,22,94,41,49,46,70,96,69,63,88,67,76,57,68,0,99,1,99,65,78,77,11,37,78,25,18,10,8,81,98,49,96,6,78,41,15,22,0,99,13,24,87,84,90,90,55,97,16,89,27,11,10,60,68,27,9,45,61,89,64,21,10,77,29,7,61,75,79,47,3,16,19,73,5,74,32,69,61,49,99,84,73,53,12,45,63,8,50,52,64,81,30,84,62,74,15,4,22,47,34,41,12,23,54,76,24,12,94,34,57,41,80,24,15,7,66,84,53,70,40,99,34,17,97,95,31,85,77,73,46,7,20,12,89,33,94,32,45,0,76,28,75,23,64,87,18,56,89,63,19,36,92,66,77,25,83,42,39,8,44,27,33,78,69,55,8,40,84,41,11,22,86,81,35,16,19
68,74,37,53,48,52,1,40,51,62,7,38,49,48,56,63,97,62,22,73,47,80,57,15,64,52,11,32,91,13,21,63,64,42,69,82,68,35,51,16,52,80,76,27,27,5,26,34,51,38,23,52,36,17,52,52,76,65,91,18,75,25,60,34,2,67,93,27,79,94,29,66,16,84,43,46,61,58,16,14,13,61,90,10,18,87,53,62,21,85,33,75,40,88,42,4,74,92,88,22,61,17,79,68,91,42,6,11,43,75,72,30,60,66,63,18,17,58,13,61,23,53,73,41,88,33,28,52,32,58,15,94,33,62,4,26,98,57,53,6,81,72,68,51,63,98,25,98,52,79,94,86,71,17,17,34,33,20,88,58,21,29,78,82,77,99,70,79,47,11,13,27,59,98,21,84,82,49,37,44,56,64,17,56,28,52,26,75,60,41,28,99,36,64,15,55,11,50,60,76
41,65,61,38,76,83,36,41,38,22,30,74,25,47,67,8,58,32,70,49,96,84,10,14,61,32,17,74,67,1,86,7,93,50,82,90,73,45,76,91,74,82,53,74,27,43,26,9,38,46,93,10,11,17,92,63,81,49,42,5,95,51,56,79,53,96,44,41,98,99,92,13,62,13,89,33,89,80,8,55,23,93,46,43,91,97,77,23,26,59,2,97,85,56,14,69,60,7,54,82,19,33,50,48,14,14,79,19,48,10,59,87,45,11,98,0,49,54,92,9,47,1,22,98,46,57,40,83,74,33,8,24,99,83,16,43,59,50,2,32,76,50,85,48,32,72,92,9,93,38,47,94,9,23,18,16,42,72,74,53,44,24,99,92,99,85,20,54,72,68,31,60,57,78,76,11,1,38,53,41,23,44,80,1,73,11,1,59,69,19,76,58,20,48,27,30,23,8,45,38
1,77,81,59,59,64,54,43,23,99,21,10,74,52,69,95,52,27,60,35,19,76,54,22,88,75,19,46,87,75,6,94,79,65,33,33,9,31,42,92,94,51,39,90,47,94,73,43,50,16,14,95,15,61,24,25,44,27,92,40,51,22,61,3,69,40,67,1,80,27,75,7,63,48,79,91,58,47,28,77,65,17,80,93,42,33,51,13,55,56,93,68,62,77,49,16,59,77,37,97,72,64,51,80,88,88,70,19,71,77,78,82,43,99,89,19,88,81,97,43,92,84,67,74,9,36,70,97,53,77,50,3,81,66,29,33,11,71,95,96,38,78,62,65,87,86,38,71,36,91,75,1,82,53,53,78,40,19,96,91,40,3,0,44,66,94,0,12,64,6,11,8,94,69,46,75,65,17,10,83,28,29,57,62,38,7,68,63,95,6,7,74,55,36,68,97,9,22,66,85
65,21,82,8,92,70,93,43,26,9,22,8,62,69,71,31,34,44,63,91,49,14,71,64,98,16,37,0,16,32,90,91,96,88,27,16,0,33,79,13,65,77,37,38,23,77,58,11,21,9,55,36,68,98,95,67,66,91,51,90,24,91,56,46,37,42,95,0,33,19,16,66,50,71,20,89,39,0,40,63,43,49,7,28,74,94,29,87,2,60,71,51,24,59,36,59,18,16,97,67,5,26,4,61,33,77,90,33,29,94,15,53,1,38,68,5,36,46,24,3,22,24,37,75,26,48,45,33,69,74,14,39,54,96,99,34,47,23,20,78,22,80,37,8,18,65,6,0,5,6,1,43,78,70,4,25,52,71,81,44,65,55,9,31,57,52,49,14,63,63,98,52,62,24,63,89,74,6,4,29,27,87,34,56,79,27,89,83,95,14,95,13,6,72,30,66,94,26,6,77
49,90,11,34,93,88,78,27,10,28,66,88,8,27,76,13,32,47,55,44,6,35,31,76,17,4,51,38,13,6,6,54,82,51,59,46,83,83,60,83,56,20,25,93,1,8,15,42,89,5,47,79,83,49,13,11,21,29,6,77,57,56,18,41,13,48,43,26,11,61,3,71,15,73,85,52,1,37,15,24,82,94,96,17,0,12,57,89,30,56,71,40,67,92,68,35,34,6,63,79,63,74,73,94,12,96,9,21,2,38,80,11,40,6,71,31,34,96,52,91,13,28,31,23,15,63,77,59,9,5,14,58,81,82,52,5,0,33,21,35,58,51,66,25,14,28,64,91,29,38,92,19,84,19,97,90,1,4,77,17,39,28,29,49,57,5,47,27,72,64,95,36,86,80,74,84,20,89,54,86,57,52,82,76,61,38,54,21,44,15,40,58,43,12,63,21,21,40,69,89
32,16,16,6,42,22,50,80,43,89,77,52,81,60,6,87,48,0,70,88,33,56,35,77,1,20,97,58,83,26,16,90,38,94,87,66,98,79,71,48,70,91,2,13,55,85,60,31,43,30,24,31,4,23,92,59,70,61,62,52,24,47,95,62,36,77,49,29,41,53,98,8,77,64,73,97,57,3,96,17,60,56,44,30,97,84,64,59,41,95,43,47,20,71,62,18,21,38,41,57,84,75,25,65,81,16,17,51,87,26,79,88,74,14,83,80,96,44,76,57,70,26,95,86,87,54,44,1,89,29,32,79,39,17,61,2,64,86,98,77,51,30,67,44,54,55,89,35,68,74,14,14,81,17,51,51,68,76,83,12,73,29,93,15,38,96,79,76,20,23,53,82,23,71,1,58,42,71,1,25,66,18,32,93,59,25,82,56,92,58,22,90,59,75,90,52,57,46,29,50
41,31,66,85,84,86,6,53,24,48,68,7,62,24,32,87,3,33,1,7,23,46,89,27,46,43,59,40,39,89,41,48,1,97,24,51,70,42,48,34,20,64,29,58,0,76,4,15,85,2,71,78,29,94,36,36,75,13,21,38,9,27,61,23,34,34,24,69,85,23,84,20,28,4,12,52,87,86,46,14,5,40,57,30,50,89,87,40,60,80,51,49,67,34,71,2,39,54,37,13,56,57,99,80,78,3,7,70,89,11,52,15,4,10,39,51,33,3,78,76,92,24,66,11,21,65,82,70,45,16,44,52,77,76,59,24,61,50,31,4,24,25,21,94,85,41,92,57,95,65,53,71,75,95,98,82,22,57,81,38,42,45,24,82,90,28,50,3,26,73,59,1,57,58,32,24,17,57,13,92,88,65,60,73,22,15,90,88,60,60,86,82,80,24,6,67,84,22,7,6
55,51,9,67,47,81,47,56,74,93,45,36,28,93,3,15,39,8,35,87,21,11,52,19,43,27,41,47,58,5,13,15,2,25,57,37,92,98,33,26,2,70,96,1,2,36,86,81,44,84,72,28,17,83,2,72,5,39,66,5,53,56,82,66,19,15,24,30,74,37,41,63,48,28,67,42,76,78,73,93,85,9,45,75,26,15,98,98,60,51,45,3,14,85,20,98,76,84,5,56,58,11,85,19,89,22,10,61,68,99,40,25,57,71,8,28,78,87,35,4,51,81,65,23,91,52,41,91,99,81,97,61,80,66,52,0,80,29,64,8,55,39,79,61,51,40,34,67,30,19,21,14,19,58,98,39,4,47,8,66,23,10,20,18,99,40,74,9,21,69,50,97,68,38,55,96,46,65,38,39,26,59,48,89,34,45,17,17,91,99,24,74,20,26,73,68,0,88,83,99
24,85,59,54,13,65,66,30,11,81,45,18,6,56,92,33,70,80,78,34,30,81,7,15,55,82,40,45,28,90,67,96,38,94,0,88,20,11,9,48,28,26,18,90,78,53,80,8,58,40,8,2,50,40,52,30,55,69,34,58,88,22,26,11,57,80,69,91,38,15,36,53,60,49,95,49,57,89,74,40,47,24,63,93,43,96,91,74,60,37,87,63,47,5,56,41,24,74,60,55,94,83,76,21,91,14,16,37,20,62,53,29,96,34,40,63,93,89,80,24,87,92,26,71,32,69,9,97,28,29,76,84,90,99,91,25,22,72,78,47,11,87,1,94,9,95,55,0,87,71,39,59,18,26,48,72,18,92,61,32,19,57,39,2,88,49,55,69,12,80,20,92,73,81,14,39,10,30,67,16,86,79,20,72,67,80,84,25,34,5,8,81,68,89,93,25,17,2,18,91
61,46,79,14,80,46,5,45,64,44,45,27,70,95,67,10,62,30,59,69,60,80,90,16,31,38,63,16,73,31,30,41,18,33,51,66,98,60,20,59,78,37,8,72,95,69,24,41,45,16,84,62,71,25,15,10,73,76,9,17,24,43,61,15,69,94,43,91,84,37,20,9,0,36,13,73,28,96,15,14,62,85,8,74,36,8,75,50,81,70,82,98,41,66,85,4,81,4,95,19,30,31,53,84,67,62,63,28,39,68,80,24,53,90,98,18,76,61,22,89,95,93,22,37,61,28,92,20,47,48,61,49,87,61,51,28,73,59,23,94,26,89,43,75,72,34,59,38,93,77,60,10,35,72,11,84,72,45,84,36,8,78,6,21,24,91,78,75,0,10,5,64,50,55,68,68,49,30,67,14,87,63,22,66,34,28,70,32,6,18,39,83,65,34,72,14,41,14,39,99
20,65,88,72,38,99,7,15,83,70,16,50,48,43,2,55,23,49,61,89,67,65,63,74,10,91,91,29,2,4,36,36,3,5,48,47,64,87,84,75,46,30,85,26,6,33,17,32,66,55,28,51,98,24,51,96,73,73,30,51,59,19,2,21,63,65,90,1,34,21,23,92,91,57,24,62,22,49,88,14,8,41,46,70,24,98,90,49,64,82,46,86,75,14,30,18,35,59,42,5,9,44,17,42,77,92,97,14,8,75,37,43,11,8,68,86,29,51,90,38,86,44,70,7,72,17,46,52,56,39,27,53,77,72,20,62,84,10,13,73,3,56,13,83,61,3,5,90,61,15,74,86,3,24,79,2,20,12,79,26,25,70,61,16,61,2,49,8,32,4,0,65,41,15,29,93,22,55,34,64,63,47,18,10,20,17,97,19,19,71,54,61,14,52,57,33,39,40,73,55
86,38,69,76,88,36,75,37,72,88,23,98,60,29,98,73,63,44,6,38,19,23,53,48,15,25,3,98,21,64,14,59,65,47,25,43,53,27,1,96,41,42,79,70,92,39,30,83,95,25,33,39,10,38,86,35,77,44,70,13,20,32,33,4,5,96,11,74,32,84,17,41,45,56,26,74,11,52,65,89,97,71,4,21,73,66,79,35,82,2,23,19,75,10,63,35,3,89,12,22,12,15,77,4,66,6,5,7,85,64,45,58,7,87,87,50,12,94,50,95,73,27,1,17,44,17,2,12,66,97,75,49,70,85,7,42,18,70,88,37,49,3,45,51,84,53,27,88,11,98,58,8,3,66,53,25,65,42,48,42,66,77,5,36,74,76,33,63,20,38,30,0,76,9,29,87,48,52,24,93,93,26,6,25,46,84,82,28,47,7,63,97,75,53,21,94,84,94,54,61
12,43,87,64,46,42,53,6,28,9,41,83,16,2,56,14,89,44,5,65,70,14,25,6,14,4,76,5,56,6,13,82,95,8,8,81,75,79,14,61,58,92,99,35,94,91,87,16,56,56,29,54,1,49,36,32,34,55,1,24,93,44,8,6,56,94,1,11,42,15,66,11,0,28,21,73,75,68,30,2,95,42,23,46,42,54,50,19,99,26,73,62,97,32,94,40,7,21,69,62,89,18,74,53,66,66,7,77,37,36,7,73,79,58,19,49,83,56,98,24,78,84,80,25,14,39,55,84,65,84,33,73,62,92,26,98,99,58,39,79,34,33,13,60,75,93,56,90,29,19,7,78,65,2,73,39,48,43,30,79,4,12,8,6,61,85,90,35,66,59,2,3,28,15,20,27,76,39,6,66,8,64,3,26,10,24,28,29,9,82,37,96,42,45,23,27,8,1,38,30
18,6,6,9,56,12,44,11,53,48,38,50,67,89,93,91,37,85,18,80,59,55,35,64,47,18,49,9,57,65,99,90,92,51,15,4,85,97,0,24,69,39,64,0,83,80,68,29,20,42,23,6,75,14,32,22,77,24,15,8,18,48,91,40,90,69,33,6,6,3,38,32,63,12,31,1,92,48,6,97,49,95,78,52,97,63,8,18,98,11,24,13,85,70,23,11,7,33,38,13,18,9,65,61,92,1,35,53,26,28,38,67,40,83,67,53,29,43,43,37,81,14,81,86,22,99,36,8,23,59,33,27,94,31,97,19,98,44,37,84,53,3,56,97,3,75,67,27,98,24,41,62,75,86,49,55,59,7,52,33,59,14,84,94,86,13,50,93,88,70,97,70,28,18,36,69,92,18,14,69,5,20,98,78,7,6,69,10,30,54,76,33,74,51,27,99,25,47,48,75
23,74,62,19,41,90,86,55,22,42,83,79,78,94,66,8,65,24,25,98,36,73,97,5,48,49,83,6,49,77,43,50,33,69,81,22,98,60,46,6,61,68,3,60,25,49,17,80,5,46,52,19,9,46,81,32,54,90,8,27,24,36,32,69,92,87,5,69,95,75,56,42,38,75,53,25,42,84,91,87,43,52,2,20,17,47,46,59,3,27,21,70,47,23,37,24,11,31,23,14,58,14,52,0,32,25,70,87,16,72,48,72,68,15,44,50,99,75,90,33,79,7,22,31,50,98,3,84,43,47,95,79,93,19,38,19,19,83,38,8,28,66,69,64,79,79,42,6,44,98,87,42,70,72,20,49,76,33,38,53,11,4,51,94,61,34,86,52,20,53,59,65,10,15,92,82,73,60,87,34,72,48,3,51,8,11,67,18,7,24,66,49,91,69,50,24,26,69,72,10
73,66,52,62,46,10,6,34,25,89,68,23,87,10,0,19,22,55,90,52,5,11,48,26,75,40,6,41,12,78,48,85,40,79,47,67,83,99,23,57,86,51,76,73,61,34,65,63,8,18,90,57,82,3,42,80,40,17,3,17,82,91,82,50,17,15,56,16,35,66,68,26,79,93,0,84,13,18,49,21,76,73,86,27,16,66,93,14,28,90,14,44,1,86,83,32,22,27,80,1,32,3,43,10,41,33,83,64,48,29,74,96,16,75,63,67,26,74,66,60,10,45,27,82,89,90,73,40,85,51,47,45,34,18,1,60,26,52,22,89,94,47,3,90,59,34,84,50,87,6,35,31,95,14,29,15,18,27,9,21,45,30,44,94,35,8,11,92,65,17,60,51,19,84,4,39,41,19,2,66,20,14,45,78,21,27,28,30,64,13,63,67,43,85,63,79,17,0,15,83
67,54,46,73,62,33,41,39,59,65,24,39,29,43,21,94,51,6,33,45,90,81,80,23,21,36,6,43,58,29,91,25,30,92,71,65,28,96,25,51,95,13,27,39,73,11,29,26,93,67,60,18,37,93,42,40,9,95,62,95,36,18,37,52,16,10,12,25,29,35,58,67,84,63,99,13,29,52,67,18,76,71,92,95,33,63,98,63,67,1,57,23,39,88,43,6,4,1,85,14,81,9,99,94,15,90,3,65,82,64,85,7,55,62,90,2,34,90,53,27,97,10,55,0,25,44,11,91,79,57,25,4,20,78,52,8,66,87,27,94,65,65,93,84,70,24,41,20,19,2,85,56,9,60,47,68,68,22,3,2,84,33,80,48,13,38,37,22,24,14,64,98,37,6,50,74,73,24,82,57,13,91,12,67,14,9,42,91,77,67,25,51,19,26,59,84,77,41,38,15
41,30,66,75,29,4,75,80,81,51,68,89,84,70,28,83,77,9,35,39,48,74,99,31,60,12,58,61,56,36,67,35,26,88,40,30,60,65,74,86,81,77,32,64,32,89,11,89,64,74,35,67,21,7,48,93,52,83,0,46,58,29,72,79,53,36,6,8,55,34,54,81,57,29,65,82,41,34,75,0,89,46,14,95,43,34,0,37,34,70,21,89,42,94,5,54,44,53,5,99,90,0,58,48,34,8,44,11,2,60,22,40,52,25,70,66,19,39,70,20,46,1,11,97,17,34,82,45,91,48,21,96,28,42,12,56,91,57,45,38,0,71,7,50,19,65,70,34,29,99,60,54,8,6,75,93,40,89,8,31,45,21,85,11,95,12,19,32,20,29,35,37,79,99,21,85,76,48,40,97,25,88,69,89,85,87,39,43,80,19,29,60,66,47,22,47,89,54,63,97
41,8,58,30,11,44,50,82,98,90,92,28,2,44,45,36,20,96,15,69,36,53,74,57,38,35,63,34,31,92,88,37,31,62,63,74,4,43,69,8,81,41,99,3,50,74,80,16,1,39,31,76,2,77,3,94,33,37,89,7,56,31,49,87,17,30,42,74,57,90,34,48,66,90,61,11,11,54,54,7,13,22,57,17,99,1,57,13,36,92,19,5,78,53,68,92,99,69,90,20,59,79,8,41,72,80,13,25,98,32,74,61,55,29,40,22,63,32,6,36,38,85,6,74,15,32,52,46,66,78,67,93,74,13,77,47,55,77,20,60,42,20,10,68,95,94,62,68,34,66,51,27,31,20,78,80,76,59,5,89,48,10,23,81,85,24,64,83,32,90,33,79,13,87,65,59,46,46,27,7,4,59,85,81,16,4,58,12,13,70,75,92,75,89,95,0,18,9,61,92
93,59,52,30,21,96,15,23,34,68,72,34,20,63,82,14,68,74,54,22,34,86,18,59,55,10,41,93,15,78,76,50,20,79,79,4,35,90,61,34,25,54,96,27,47,23,79,43,63,13,91,42,74,53,74,51,2,78,65,30,53,29,1,34,85,55,15,7,79,71,65,0,43,41,72,61,37,50,9,59,62,50,73,36,42,65,88,83,66,85,74,34,12,68,24,40,62,34,91,9,12,27,40,51,66,5,16,43,2,27,34,83,8,81,99,28,14,12,58,43,39,55,25,0,63,73,89,54,81,26,53,4,24,52,78,62,48,97,55,43,37,0,92,25,81,98,53,70,6,20,69,92,51,27,50,9,83,83,24,38,78,40,77,98,49,23,83,6,64,74,86,71,19,20,26,84,9,36,88,94,89,72,53,22,68,37,31,70,93,42,89,56,83,19,0,60,84,61,35,53
47,63,44,60,92,52,27,22,96,52,4,79,37,4,2,99,77,15,99,57,90,39,84,59,82,93,97,94,88,85,23,3,31,6,17,2,16,66,37,7,55,9,52,79,28,9,81,30,58,43,68,27,41,0,13,83,90,15,65,92,55,87,85,30,58,96,95,73,30,56,30,75,94,32,73,4,55,89,8,84,44,21,22,92,89,83,81,85,55,88,36,34,71,19,50,13,63,60,91,77,60,32,20,47,79,81,10,48,5,82,40,67,86,27,18,64,37,43,86,48,26,1,25,28,21,61,6,37,47,8,40,22,80,96,2,31,40,48,12,5,4,83,18,90,44,3,84,43,10,0,37,81,58,70,0,17,13,53,38,92,65,89,11,16,7,39,52,61,96,8,98,0,62,28,12,26,70,93,3,96,0,94,38,19,67,95,14,91,23,96,88,6,57,70,59,47,12,66,33,96
75,65,73,17,88,49,87,90,49,23,39,77,78,73,22,98,29,47,39,84,26,89,26,50,43,13,77,78,25,11,47,89,78,81,48,8,82,14,16,27,4,23,85,21,85,46,11,63,37,94,2,90,95,15,18,60,56,75,8,27,64,7,45,14,3,98,80,69,7,51,57,52,67,17,9,99,22,79,98,29,30,2,51,35,74,28,70,49,3,15,78,16,2,59,67,71,77,29,88,67,5,9,40,25,71,46,78,40,26,38,20,69,12,69,16,88,31,28,92,96,44,15,11,58,63,14,25,43,5,93,53,44,58,43,99,87,47,54,33,9,60,18,11,82,12,40,22,77,77,77,42,93,20,52,24,6,90,4,43,38,73,3,55,47,23,53,80,81,3,53,25,60,15,63,73,20,97,42,80,26,30,88,70,53,77,9,65,82,69,53,85,36,12,91,17,39,63,83,45,88
3,14,15,82,90,77,48,92,83,24,27,75,76,26,62,12,10,11,21,35,46,85,55,50,66,16,15,10,16,17,36,91,20,86,86,39,94,69,70,29,94,54,66,52,84,34,65,20,44,62,52,81,74,37,77,12,88,95,31,98,92,7,0,2,5,77,59,91,99,49,57,0,7,51,31,77,69,32,78,67,25,1,39,96,41,12,47,73,12,88,10,4,24,90,73,78,66,74,37,6,80,3,99,92,61,64,14,78,61,80,75,89,15,69,22,71,22,13,21,61,28,58,34,36,48,69,62,90,72,78,81,59,23,14,86,74,48,13,16,34,62,82,19,9,45,90,44,4,34,38,67,77,72,10,95,94,11,7,49,95,14,64,87,80,86,74,4,48,61,9,4,31,13,79,90,75,4,51,82,49,85,26,1,76,19,24,8,66,87,30,97,80,36,69,30,71,94,83,64,9
82,81,7,95,14,93,39,68,6,65,47,72,3,2,59,46,37,75,58,84,10,78,6,98,38,9,54,78,50,33,9,10,77,1,49,83,80,34,4,55,38,76,56,91,48,28,70,36,58,76,76,32,69,29,43,51,21,52,8,43,16,1,29,34,78,64,81,15,16,61,8,25,20,95,72,44,47,10,36,53,98,15,39,73,7,76,62,22,40,89,96,47,98,5,3,2,8,79,99,39,74,42,55,57,81,23,40,25,73,2,62,78,42,79,54,65,98,56,54,56,71,61,33,50,29,23,79,72,26,9,12,19,74,69,33,83,12,16,15,99,90,62,89,46,93,45,74,98,20,96,31,79,43,71,71,44,45,90,52,51,95,84,48,79,16,86,50,72,45,33,42,6,2,13,75,98,16,36,34,41,58,76,33,87,99,68,80,85,86,90,72,40,52,82,2,31,47,70,62,15
24,71,89,62,53,11,33,41,61,38,35,79,4,24,92,55,47,4,45,13,75,31,54,14,39,19,23,71,33,40,73,77,34,42,66,19,42,5,16,31,26,53,89,22,26,96,48,71,59,58,65,60,61,74,54,26,67,92,6,70,64,27,91,9,34,73,68,24,90,57,54,29,50,93,51,67,3,56,29,36,48,56,21,14,76,81,16,43,24,21,60,42,76,89,12,15,28,65,25,79,57,17,49,50,46,31,41,22,72,13,87,57,57,87,12,30,16,34,32,5,99,6,36,1,79,62,32,84,25,61,1,42,34,40,15,10,9,75,24,75,29,10,87,34,62,26,75,38,93,0,2,77,83,30,75,21,51,68,67,39,56,39,46,3,15,14,70,14,15,49,44,82,6,91,11,92,43,91,5,28,94,87,82,6,32,38,68,48,26,16,6,73,85,92,29,76,54,43,84,22
12,16,20,54,99,8,20,31,25,66,56,73,84,47,24,40,11,37,56,31,93,51,11,29,44,47,4,34,52,23,31,84,29,89,29,65,63,97,70,85,67,73,52,6,43,92,48,44,54,92,58,34,39,40,31,55,46,78,75,6,29,78,73,35,28,83,70,93,75,10,33,81,45,70,98,69,54,95,63,66,55,87,11,53,35,67,30,52,74,34,17,98,12,45,84,56,4,27,4,96,3,4,90,44,24,81,93,7,91,35,15,16,70,86,83,16,80,68,89,59,8,43,39,7,83,15,79,13,30,97,26,72,34,41,59,36,19,56,6,44,32,63,41,1,45,0,45,43,3,59,90,57,61,96,48,92,24,64,38,97,96,4,73,42,34,47,9,28,94,81,85,19,42,93,41,2,26,6,29,37,44,24,94,33,16,90,9,87,76,68,96,41,69,78,92,34,37,29,9,21
62,40,85,26,77,93,11,17,72,35,20,28,62,80,74,59,73,28,65,71,58,23,19,52,41,80,20,20,88,47,45,62,17,87,2,28,40,53,52,46,4,4,58,54,7,98,76,16,92,87,85,87,72,21,46,7,21,85,8,68,11,9,43,72,5,48,86,24,89,58,18,95,76,53,14,97,37,77,58,56,90,91,80,17,96,75,13,13,96,75,53,54,65,52,49,50,98,35,34,48,26,37,54,75,62,41,25,55,49,3,30,85,46,3,59,43,99,43,56,94,42,99,94,10,4,51,29,0,42,6,32,6,84,21,93,47,66,53,2,13,79,60,30,97,4,80,34,83,1,75,91,87,3,64,0,8,90,77,53,75,67,27,68,95,18,6,49,97,6,5,6,7,38,30,72,44,32,74,72,7,45,74,14,52,28,79,23,83,40,24,3,54,8,30,89,84,26,60,52,85
24,52,92,85,67,10,46,17,43,69,53,8,69,4,80,51,60,80,42,21,17,75,97,38,54,72,4,95,18,7,68,17,59,15,9,11,74,93,14,52,36,4,66,90,95,66,71,6,99,62,33,40,47,2,49,6,99,41,48,21,35,11,67,16,0,54,36,13,91,74,58,30,52,95,63,77,68,46,71,49,6,38,25,57,28,6,54,74,21,69,66,29,5,49,19,95,53,88,18,71,46,41,53,46,53,64,59,61,47,2,78,6,35,60,74,28,85,65,71,87,20,31,90,1,44,63,82,88,96,46,86,20,38,6,10,89,41,41,23,5,62,73,97,52,13,63,23,78,6,17,30,24,18,60,46,24,7,27,91,83,81,48,21,66,4,41,3,25,47,75,82,3,27,10,4,64,85,24,1,49,6,61,18,94,89,99,77,50,75,20,65,7,30,5,71,27,92,19,87,57
44,97,60,34,91,4,35,52,61,91,79,5,51,5,59,76,36,6,37,14,88,75,78,68,49,22,43,49,34,18,22,63,11,64,27,1,78,56,54,16,32,23,86,0,51,93,69,15,4,2,2,77,26,82,93,55,1,59,97,22,6,16,32,91,88,96,80,25,52,71,1,91,90,17,77,77,47,17,91,57,87,94,49,12,80,14,13,31,18,87,90,47,67,96,20,13,99,88,2,15,8,34,65,45,63,29,49,60,35,10,31,97,75,56,66,29,68,24,88,88,21,19,90,40,66,18,24,86,73,73,78,53,59,47,72,15,0,78,77,28,82,74,48,52,40,97,16,41,48,31,5,11,77,75,60,33,71,74,7,90,64,58,59,88,41,76,31,72,76,17,34,11,21,55,58,52,64,8,24,60,16,7,68,32,62,22,12,22,38,56,69,91,27,65,71,60,6,32,67,0
96,69,47,23,48,16,97,21,65,66,49,38,58,48,61,97,57,1,15,55,86,49,74,12,55,88,78,53,45,80,54,44,70,31,17,37,83,93,25,54,94,31,55,99,41,30,11,40,60,31,41,68,64,40,50,66,54,99,89,67,96,66,81,20,88,51,36,73,46,91,22,43,51,99,4,55,0,73,88,61,78,98,61,68,36,4,65,95,39,44,64,17,69,39,21,98,13,65,67,87,0,36,8,57,13,53,41,5,64,66,35,35,84,60,64,57,86,11,3,75,62,16,78,21,29,84,0,45,26,56,74,79,46,65,83,7,75,13,69,87,88,12,96,70,39,57,45,1,54,9,45,76,20,22,11,90,79,40,32,86,30,89,10,37,40,83,40,77,21,81,97,3,62,91,83,75,16,38,17,98,55,0,33,85,40,80,16,67,5,99,67,39,77,47,11,73,22,13,57,80
92,43,48,99,72,75,28,9,3,55,20,74,2,85,84,87,38,15,13,33,77,73,59,55,83,60,84,27,96,79,75,88,26,12,76,13,63,84,27,73,58,68,68,58,35,93,6,64,62,83,45,33,44,98,3,83,25,65,14,50,93,29,14,79,77,35,85,34,39,18,73,58,35,8,4,14,34,91,99,92,13,71,64,85,66,55,98,50,77,33,20,0,26,80,10,72,33,25,32,74,92,50,80,48,17,72,78,42,50,19,12,10,38,72,56,66,58,86,58,1,30,62,14,75,23,98,0,8,48,70,16,9,9,34,37,84,32,67,26,62,32,97,27,42,61,89,50,68,38,13,6,71,85,37,66,72,68,81,22,89,68,69,98,31,39,32,24,61,41,6,49,54,45,97,69,32,87,39,53,39,92,11,9,48,0,65,77,40,96,44,25,54,80,35,66,0,74,55,29,7
39,65,15,21,94,95,31,42,26,90,54,38,73,32,65,41,62,11,6,93,68,19,74,8,65,80,71,92,18,59,1,43,94,43,27,81,10,84,11,49,68,22,56,27,80,32,37,17,31,39,90,96,40,58,27,54,94,67,77,14,3,81,98,61,38,29,9,20,59,15,95,19,13,98,85,81,35,59,5,53,0,13,96,29,8,9,14,1,99,45,62,88,84,43,9,0,4,67,10,8,78,11,73,87,36,3,97,31,60,74,44,8,96,32,46,36,15,32,29,12,4,53,35,44,58,47,47,28,3,45,78,51,99,46,19,78,92,32,9,74,64,40,40,54,67,20,20,60,59,32,18,95,90,45,14,64,45,39,26,77,63,18,88,54,18,52,43,19,36,50,92,23,47,64,8,96,5,51,51,59,26,60,87,43,87,47,71,74,33,33,51,85,5,2,61,5,83,83,71,34
69,13,51,12,40,84,72,17,91,67,91,44,37,4,66,87,34,39,77,3,57,20,75,85,8,19,20,72,53,76,33,28,33,44,66,54,29,12,80,38,40,89,51,14,87,0,69,20,48,46,9,3,35,61,96,59,92,39,50,31,41,16,75,97,51,32,8,97,96,30,40,54,72,80,35,70,30,12,38,89,67,32,86,38,77,74,20,34,33,98,90,10,31,58,51,23,39,81,97,73,66,83,48,65,24,81,96,49,44,44,68,78,6,33,45,80,3,13,65,95,80,50,65,49,54,58,75,29,46,82,6,78,10,40,8,4,34,24,22,9,82,85,94,48,69,48,82,69,63,88,65,37,60,85,27,79,20,92,50,28,67,84,63,56,6,36,28,3,77,92,52,27,76,6,66,2,1,26,16,45,19,17,51,40,97,7,14,30,91,16,52,50,6,47,55,26,96,35,41,36
70,74,19,99,46,2,83,25,64,2,55,83,13,31,22,73,68,62,77,48,56,79,68,66,84,30,79,94,65,81,97,45,23,62,38,1,43,71,77,52,44,90,68,97,90,94,24,87,51,8,30,43,67,27,64,33,3,14,86,6,69,18,1,2,15,35,50,5,84,21,32,48,41,59,82,53,93,7,84,67,32,77,97,33,7,22,59,90,77,27,41,16,16,94,49,6,14,6,62,54,57,58,23,15,54,28,78,56,41,0,69,32,3,55,15,51,74,19,85,22,46,84,59,54,9,30,69,57,72,30,67,90,50,23,4,40,75,39,60,39,41,63,61,63,99,36,4,69,2,82,10,76,48,30,57,89,41,93,18,64,14,97,84,99,10,41,58,72,84,57,15,60,18,14,31,43,3,80,3,87,48,63,30,0,69,9,94,93,4,55,14,6,55,61,42,47,66,71,57,74
81,85,12,96,72,23,43,96,26,28,37,13,11,54,37,83,52,84,67,10,46,32,98,79,0,86,76,92,63,81,77,11,23,64,34,99,70,57,17,91,97,64,77,79,73,12,3,96,98,80,0,80,86,44,71,40,87,57,15,92,38,19,18,25,69,46,93,13,62,17,49,87,46,92,43,61,60,92,36,24,2,69,36,47,90,51,95,80,10,54,58,17,2,89,44,27,60,79,47,25,62,37,67,96,84,67,5,90,89,77,60,18,48,38,75,43,52,94,0,4,20,61,6,76,41,51,19,26,98,34,25,97,83,39,67,31,31,26,12,60,32,61,3,50,0,64,10,43,25,51,28,95,30,17,91,57,9,70,99,61,53,91,14,40,77,61,97,31,92,80,87,77,56,48,25,81,10,39,65,9,68,4,45,14,19,67,36,52,64,69,49,65,24,68,23,77,95,97,85,25
26,19,79,54,99,40,50,94,11,70,79,39,47,8,93,8,19,46,34,16,86,56,99,12,72,47,79,5,23,50,35,48,69,40,7,56,95,86,30,30,86,34,88,62,32,83,2,41,90,67,64,11,85,95,18,17,76,5,60,21,71,57,43,77,94,42,41,29,61,51,66,84,64,2,9,51,16,21,46,82,65,46,94,20,47,42,46,22,40,97,26,59,0,20,25,3,79,47,17,82,24,66,60,76,96,15,70,0,83,15,59,66,46,71,94,18,69,93,79,51,76,24,18,8,57,60,53,66,18,4,28,67,98,79,45,55,58,77,34,62,28,71,96,78,80,57,97,47,27,85,70,96,49,70,7,16,32,30,11,51,23,44,5,40,69,58,13,4,86,68,90,61,96,99,96,85,16,21,77,37,85,52,21,54,94,66,22,83,75,97,19,65,28,68,1,28,78,35,77,48
